101	2.82270249018
102	2.85690167576
103	3.7270328473
104	2.36857087975
105	2.55810443794
106	2.47343255542
107	3.81917197885
108	2.07756513499
109	2.49231166395
110	2.84172400318
111	2.58947560235
112	3.84881627543
113	2.64192771337
114	3.10626135102
115	2.70019471705
116	3.25940567451
117	3.47463357943
118	2.93698819066
119	3.47782064685
120	2.18755274601
121	3.84488412929
122	2.3111007268
123	2.02755888658
124	2.78675695758
125	3.56000881595
126	2.63538545061
127	2.01060996872
128	3.49970659889
129	2.45799285988
130	3.56547148756
131	3.69498943603
201	3.06155163374
202	3.62247342199
203	2.89682449299
204	3.89293778258
205	3.21292227979
206	3.64420240883
207	3.9994340241
208	2.90947222233
209	3.92310061028
210	2.16524586268
211	3.83521095557
212	3.44070452279
213	2.79880638375
214	2.99722709201
215	2.9911823548
216	2.43039451108
217	3.84678314523
218	2.23473626366
219	2.8526306412
220	2.41729118423
221	2.76466112544
222	3.1820781899
223	2.48488257459
224	3.26569637251
225	4.00189146455
226	2.03445156713
227	2.68150186522
228	3.55002431979
229	3.0871425939
230	3.09834642217
231	3.74335249031
301	2.76309958938
302	3.37533031618
303	2.76733879663
304	3.96085772979
305	3.72017445762
306	3.33954139983
307	3.47707117193
308	2.80223728999
309	3.21788474495
310	3.11740605759
311	3.15501065298
312	3.60098651008
313	3.78515758547
314	2.3501699732
315	2.82937451273
316	2.67996271291
317	3.60038278338
318	3.84314174333
319	2.24745314766
320	2.37122777798
321	3.13548167745
322	3.03327754868
323	3.29048820827
324	2.58610282169
325	3.37170871412
326	2.35992344895
327	3.37418670378
328	2.42011145204
329	3.82489217957
330	3.78270776237
331	3.51957085666
401	3.26532723515
402	3.63388882193
403	2.85468196381
404	2.01770346923
405	3.33457082567
406	2.38012897395
407	2.15797928962
408	3.34359089606
409	3.36093074696
410	2.25585315459
411	3.49763498017
412	2.05280548108
413	3.46822312338
414	2.3625084077
415	2.42703751181
416	3.47467545188
417	2.4752356369
418	2.1926757611
419	2.00226164663
420	3.60610893975
421	3.74107527044
422	2.89012777019
423	2.92465842801
424	3.29517082321
425	2.36967932479
426	3.26881748615
427	2.14740724022
428	3.33102484644
429	2.01858050791
430	2.04453898923
431	3.16394986528
501	2.44394488482
502	3.50656629062
503	3.87803294123
504	2.82091411704
505	2.56404872203
506	3.86592589184
507	2.21956801639
508	2.94689301108
509	4.00932388193
510	2.32384947779
511	2.87795140557
512	3.53958805024
513	2.9357680118
514	3.24391287203
515	3.27104288402
516	3.96894576295
517	2.72375342077
518	3.39694226457
519	3.61033762341
520	3.61032075783
521	3.74499006719
522	2.9778245446
523	2.93993697448
524	2.79381619357
525	3.62221855868
526	3.38856253625
527	3.80770927518
528	3.16107058352
529	3.45239902281
530	3.16948390601
531	2.02635985506
601	2.04217388116
602	3.86767447157
603	3.50377097007
604	3.88462332852
605	2.87150753202
606	2.32486489259
607	3.70768530243
608	2.01009545447
609	3.25562193324
610	3.72979547762
611	2.04314686562
612	3.12031716731
613	3.00218066333
614	3.38878387982
615	3.81974467528
616	2.9797682482
617	2.62999172439
618	2.29908598615
619	2.64670503983
620	2.50256516001
621	2.62660646909
622	3.64936478964
623	3.0849973436
624	2.63948297172
625	3.60695577336
626	2.04305094975
627	2.79797707924
628	3.58515008616
629	3.10623329974
630	2.78979809491
631	2.62111241257
701	2.67208435399
702	3.84548169485
703	2.33017401369
704	2.61244671971
705	2.05043252652
706	3.72932718934
707	3.88180865863
708	2.71241744334
709	3.65067884464
710	3.3935966193
711	2.52547141544
712	3.64558000323
713	3.87441420748
714	3.05438238602
715	3.7939681218
716	2.14987605808
717	3.23727382852
718	3.52513784091
719	2.31246642026
720	2.33078892271
721	3.01479092184
722	3.89090967971
723	2.06149976912
724	2.49968060928
725	2.31922530207
726	2.12357679676
727	3.93745149621
728	2.70863331951
729	2.5181185294
730	2.01626233139
731	3.07585735987
801	3.90311830874
802	3.07029419827
803	2.91879758018
804	2.49199800556
805	3.34639775871
806	2.48844925602
807	2.21442869796
808	3.56784239011
809	2.13811930766
810	3.45726950121
811	2.29605687659
812	3.20085402807
813	3.01123340683
814	2.77064726563
815	2.0288456099
816	3.98939034644
817	2.84422460021
818	2.57150600267
819	3.61284617063
820	3.39664261165
821	3.17609937018
822	3.45024918415
823	3.67134564859
824	3.83615298635
825	2.58685129123
826	3.45457585349
827	3.14023994813
828	2.27804459736
829	2.37977828259
830	2.39236025347
831	2.16588946304
901	2.78138824368
902	3.91667511797
903	2.26924000122
904	3.46788696727
905	3.22873800315
906	3.90497178454
907	3.1651540444
908	3.64664597832
909	2.59431454055
910	2.8572827746
911	3.68760024463
912	3.35847554888
913	2.61041228825
914	2.84715720532
915	3.2779320766
916	3.80452964817
917	3.32264537795
918	3.27654830778
919	3.09843805459
920	3.76118007493
921	2.75990985835
922	3.37907762882
923	3.04711155566
924	2.15130747551
925	2.22555718055
926	2.17218156043
927	3.93646274872
928	2.29731199451
929	3.46984306539
930	2.05515954323
931	2.0690831079
1001	2.85018098269
1002	3.89170705869
1003	2.0400389253
1004	3.1966669545
1005	2.94922618227
1006	3.16396915493
1007	3.26849052418
1008	2.37584368991
1009	3.7846263551
1010	3.90991969748
1011	2.4102064781
1012	3.46090501442
1013	3.79062602376
1014	3.87410972669
1015	3.58321900169
1016	3.1597775724
1017	2.695702561
1018	2.37125673775
1019	2.06163353198
1020	3.12398951192
1021	3.43041205341
1022	2.55685778122
1023	3.44549899182
1024	2.79096041048
1025	2.66237199423
1026	2.84925692681
1027	3.39591101842
1028	2.11506393255
1029	3.64116838488
1030	3.57392600293
1031	2.15738646377
